46.67	86.27
46.67	86.28
46.67	86.28
46.67	86.28
46.66	86.28
46.66	86.28
46.66	86.29
46.66	86.29
46.66	86.29
46.66	86.3
46.66	86.3
46.66	86.3
46.65	86.3
46.65	86.31
46.65	86.31
46.65	86.31
46.65	86.31
46.65	86.32
46.65	86.32
46.65	86.32
46.64	86.33
46.64	86.33
46.64	86.33
46.64	86.34
46.64	86.34
46.64	86.34
46.63	86.35
46.63	86.35
46.63	86.35
46.63	86.36
46.63	86.36
46.63	86.36
46.63	86.37
46.62	86.37
46.62	86.38
46.62	86.38
46.62	86.39
46.61	86.39
46.61	86.4
46.61	86.4
46.61	86.41
46.61	86.41
46.6	86.42
46.6	86.42
46.6	86.43
46.6	86.44
46.59	86.45
46.59	86.45
46.59	86.46
46.58	86.47
46.58	86.48
46.58	86.49
46.57	86.49
46.57	86.5
46.57	86.51
46.56	86.53
46.56	86.54
46.55	86.55
46.55	86.56
46.54	86.58
46.54	86.59
46.54	86.6
46.53	86.62
46.52	86.63
46.52	86.65
46.51	86.66
46.51	86.67
46.5	86.69
46.49	86.7
46.48	86.72
46.48	86.74
46.47	86.76
46.46	86.78
46.45	86.79
46.44	86.81
46.43	86.83
46.43	86.85
46.42	86.87
46.41	86.89
46.4	86.91
46.39	86.94
46.38	86.96
46.37	86.98
46.36	87.01
46.35	87.04
46.33	87.06
46.32	87.09
46.31	87.11
46.3	87.14
46.29	87.16
46.27	87.19
46.26	87.22
46.24	87.26
46.23	87.29
46.21	87.32
46.2	87.35
46.18	87.39
46.17	87.42
46.16	87.46
46.14	87.5
46.13	87.53
46.11	87.57
46.1	87.6
46.08	87.64
46.07	87.68
46.05	87.72
46.04	87.76
46.02	87.8
46	87.84
45.98	87.88
45.97	87.92
45.95	87.96
45.93	88.01
45.91	88.05
45.89	88.1
45.88	88.15
45.86	88.19
45.84	88.25
45.82	88.3
45.8	88.35
45.78	88.4
45.76	88.45
45.74	88.51
45.71	88.56
45.69	88.61
45.67	88.66
45.65	88.72
45.63	88.78
45.6	88.84
45.58	88.89
45.56	88.96
45.53	89.01
45.51	89.07
45.49	89.13
45.46	89.19
45.44	89.26
45.41	89.32
45.39	89.38
45.36	89.45
45.33	89.52
45.31	89.59
45.28	89.66
45.25	89.72
45.22	89.79
45.2	89.86
45.17	89.94
45.14	90.01
45.11	90.08
45.09	90.16
45.06	90.24
45.03	90.31
45	90.39
44.97	90.47
44.94	90.55
44.9	90.63
44.87	90.71
44.84	90.79
44.8	90.88
44.77	90.96
44.74	91.04
44.7	91.13
44.67	91.22
44.64	91.3
44.6	91.39
44.57	91.48
44.54	91.58
44.5	91.67
44.46	91.76
44.42	91.85
44.38	91.94
44.35	92.04
44.31	92.13
44.26	92.23
44.23	92.32
44.18	92.42
44.15	92.52
44.11	92.62
44.07	92.72
44.03	92.83
43.99	92.93
43.95	93.03
43.91	93.14
43.87	93.24
43.82	93.35
43.78	93.45
43.73	93.55
43.69	93.65
43.64	93.76
43.59	93.87
43.55	93.99
43.51	94.1
43.46	94.21
43.41	94.32
43.37	94.43
43.32	94.54
43.28	94.66
43.23	94.78
43.19	94.89
43.14	95
43.09	95.12
43.04	95.25
42.99	95.36
42.94	95.48
42.89	95.59
42.84	95.71
42.79	95.84
42.73	95.96
42.68	96.08
42.63	96.21
42.58	96.33
42.53	96.45
42.47	96.58
42.42	96.71
42.36	96.84
42.31	96.97
42.26	97.1
42.2	97.22
42.15	97.35
42.1	97.48
42.04	97.62
41.99	97.74
41.94	97.88
41.89	98.01
41.83	98.15
41.77	98.29
41.71	98.42
41.65	98.55
41.59	98.68
41.54	98.81
41.48	98.95
41.42	99.09
41.36	99.23
41.3	99.36
41.24	99.5
41.18	99.64
41.12	99.78
41.06	99.92
41.01	100.06
40.95	100.21
40.89	100.35
40.83	100.49
40.77	100.63
40.7	100.77
40.64	100.92
40.57	101.06
40.5	101.21
40.44	101.35
40.37	101.5
40.32	101.64
40.25	101.79
40.19	101.94
40.13	102.09
40.06	102.24
40	102.39
39.93	102.53
39.86	102.68
39.79	102.84
39.72	102.98
39.65	103.14
39.57	103.29
39.5	103.44
39.43	103.59
39.36	103.75
39.29	103.9
39.22	104.06
39.15	104.21
39.09	104.37
39.02	104.53
38.95	104.68
38.87	104.84
38.8	105
38.73	105.16
38.65	105.32
38.58	105.47
38.51	105.63
38.44	105.79
38.36	105.95
38.28	106.11
38.21	106.27
38.14	106.43
38.06	106.59
38	106.75
37.92	106.92
37.85	107.08
37.77	107.24
37.69	107.4
37.61	107.55
37.54	107.72
37.47	107.89
37.39	108.05
37.31	108.22
37.23	108.38
37.16	108.55
37.08	108.71
37.01	108.87
36.94	109.04
36.86	109.2
36.78	109.37
36.7	109.52
36.62	109.69
36.54	109.86
36.47	110.02
36.38	110.19
36.31	110.35
36.23	110.51
36.15	110.67
36.08	110.84
36	111.01
35.93	111.17
35.85	111.33
35.78	111.5
35.7	111.66
35.63	111.82
35.55	111.99
35.47	112.16
35.4	112.32
35.32	112.48
35.25	112.64
35.17	112.8
35.09	112.97
35.01	113.13
34.93	113.29
34.85	113.46
34.77	113.62
34.7	113.78
34.62	113.94
34.55	114.11
34.47	114.26
34.4	114.42
34.32	114.58
34.24	114.74
34.17	114.91
34.09	115.07
34.01	115.23
33.93	115.4
33.85	115.56
33.77	115.71
33.69	115.87
33.6	116.03
33.53	116.19
33.45	116.35
33.37	116.51
33.29	116.66
33.22	116.82
33.14	116.98
33.07	117.13
32.99	117.29
32.91	117.45
32.83	117.61
32.76	117.76
32.68	117.91
32.6	118.06
32.52	118.21
32.45	118.36
32.37	118.51
32.29	118.66
32.21	118.81
32.14	118.96
32.06	119.12
31.98	119.27
31.91	119.42
31.83	119.57
31.75	119.71
31.68	119.86
31.6	120.01
31.53	120.16
31.45	120.3
31.37	120.44
31.29	120.59
31.21	120.73
31.13	120.88
31.05	121.02
30.97	121.17
30.89	121.3
30.81	121.44
30.73	121.59
30.66	121.74
30.58	121.88
30.5	122.02
30.42	122.16
30.34	122.3
30.27	122.44
30.19	122.58
30.11	122.72
30.02	122.86
29.94	123
29.86	123.14
29.79	123.28
29.72	123.42
29.65	123.56
29.58	123.7
29.5	123.84
29.42	123.98
29.35	124.12
29.27	124.26
29.19	124.39
29.12	124.53
29.04	124.66
28.97	124.79
28.89	124.93
28.81	125.06
28.74	125.2
28.66	125.34
28.59	125.46
28.51	125.6
28.44	125.73
28.36	125.87
28.29	126
28.21	126.14
28.14	126.27
28.06	126.39
27.99	126.52
27.91	126.65
27.84	126.77
27.76	126.9
27.69	127.03
27.61	127.16
27.53	127.29
27.46	127.42
27.39	127.54
27.31	127.67
27.24	127.8
27.17	127.93
27.1	128.05
27.02	128.18
26.95	128.3
26.88	128.42
26.81	128.55
26.74	128.67
26.66	128.79
26.59	128.91
26.51	129.03
26.44	129.15
26.36	129.27
26.3	129.4
26.23	129.51
26.16	129.63
26.09	129.74
26.02	129.87
25.95	129.98
25.88	130.1
25.81	130.21
25.74	130.33
25.67	130.44
25.6	130.56
25.53	130.67
25.45	130.78
25.38	130.89
25.32	131
25.25	131.11
25.18	131.22
25.11	131.33
25.05	131.43
24.98	131.54
24.91	131.65
24.85	131.75
24.78	131.86
24.71	131.96
24.65	132.07
24.58	132.17
24.51	132.27
24.44	132.37
24.37	132.47
24.3	132.57
24.24	132.66
24.18	132.76
24.11	132.86
24.05	132.95
23.99	133.05
23.93	133.14
23.87	133.24
23.81	133.33
23.74	133.42
23.68	133.51
23.62	133.6
23.55	133.69
23.49	133.78
23.43	133.87
23.37	133.97
23.31	134.05
23.25	134.14
23.19	134.23
23.13	134.32
23.08	134.41
23.02	134.49
22.97	134.57
22.91	134.66
22.85	134.75
22.8	134.83
22.74	134.91
22.68	134.99
22.62	135.07
22.56	135.15
22.5	135.23
22.45	135.31
22.4	135.4
22.34	135.48
22.29	135.56
22.24	135.64
22.19	135.72
22.13	135.79
22.09	135.87
22.03	135.95
21.98	136.02
21.93	136.1
21.87	136.17
21.82	136.24
21.76	136.31
21.71	136.39
21.65	136.45
21.6	136.52
21.55	136.59
21.5	136.66
21.45	136.73
21.4	136.81
21.35	136.87
21.31	136.94
21.26	137
21.22	137.07
21.17	137.12
21.12	137.19
21.08	137.25
21.03	137.32
20.98	137.38
20.93	137.45
20.88	137.5
20.84	137.57
20.79	137.62
20.74	137.68
20.7	137.74
20.65	137.79
20.61	137.85
20.57	137.91
20.53	137.97
20.49	138.03
20.46	138.09
20.42	138.14
20.37	138.2
20.33	138.25
20.29	138.31
20.25	138.36
20.2	138.41
20.16	138.46
20.12	138.52
20.08	138.57
20.03	138.62
20	138.67
19.96	138.72
19.92	138.77
19.88	138.82
19.84	138.87
19.81	138.92
19.77	138.97
19.74	139.02
19.7	139.07
19.66	139.12
19.63	139.17
19.59	139.22
19.55	139.26
19.51	139.31
19.48	139.36
19.44	139.41
19.41	139.45
19.37	139.5
19.33	139.54
19.3	139.59
19.27	139.64
19.23	139.68
19.2	139.73
19.16	139.77
19.13	139.82
19.1	139.86
19.07	139.91
19.03	139.95
19	140
18.97	140.04
18.94	140.08
18.91	140.12
18.87	140.16
18.84	140.2
18.81	140.24
18.78	140.28
18.75	140.32
18.71	140.37
18.67	140.41
18.64	140.45
18.61	140.49
18.58	140.53
18.55	140.57
18.53	140.61
18.5	140.65
18.47	140.69
18.44	140.73
18.41	140.77
18.38	140.81
18.36	140.85
18.33	140.89
18.3	140.92
18.27	140.96
18.24	141
18.22	141.03
18.19	141.07
18.16	141.11
18.13	141.15
18.1	141.18
18.07	141.22
18.05	141.25
18.02	141.29
17.99	141.33
17.97	141.36
17.94	141.4
17.92	141.43
17.89	141.47
17.87	141.5
17.84	141.53
17.82	141.57
17.8	141.6
17.77	141.63
17.74	141.67
17.72	141.7
17.7	141.73
17.67	141.76
17.64	141.79
17.62	141.82
17.6	141.85
17.57	141.88
17.55	141.91
17.53	141.94
17.51	141.96
17.48	141.99
17.46	142.01
17.44	142.04
17.42	142.07
17.39	142.09
17.37	142.11
17.35	142.13
17.33	142.15
17.31	142.17
17.29	142.19
17.27	142.21
17.25	142.23
17.23	142.24
17.21	142.26
17.19	142.28
17.17	142.29
17.15	142.31
17.14	142.32
17.12	142.34
17.1	142.35
17.08	142.36
17.06	142.37
17.04	142.38
17.03	142.39
17.01	142.4
16.99	142.41
16.98	142.42
16.96	142.43
16.94	142.44
16.93	142.44
16.91	142.45
16.9	142.46
16.88	142.46
16.87	142.47
16.85	142.47
16.84	142.48
16.83	142.48
16.81	142.49
16.8	142.49
16.79	142.49
16.78	142.5
16.76	142.5
16.75	142.5
16.74	142.51
16.73	142.51
16.72	142.51
16.71	142.51
16.7	142.51
16.69	142.52
16.68	142.52
16.67	142.52
16.66	142.52
16.65	142.52
16.64	142.52
16.64	142.52
16.63	142.52
16.62	142.52
16.61	142.52
16.61	142.52
16.6	142.52
16.59	142.52
16.59	142.52
16.58	142.52
16.58	142.52
16.57	142.52
16.56	142.52
16.56	142.52
16.56	142.52
16.55	142.52
16.55	142.52
16.54	142.52