72.36	82.07
72.36	82.07
72.36	82.07
72.36	82.07
72.36	82.07
72.36	82.08
72.35	82.08
72.35	82.08
72.35	82.08
72.35	82.08
72.34	82.08
72.34	82.09
72.34	82.09
72.34	82.09
72.34	82.09
72.33	82.1
72.33	82.1
72.33	82.1
72.33	82.1
72.33	82.11
72.32	82.11
72.32	82.11
72.32	82.12
72.31	82.12
72.31	82.12
72.31	82.12
72.3	82.13
72.3	82.13
72.3	82.14
72.3	82.14
72.29	82.14
72.29	82.15
72.28	82.15
72.28	82.16
72.28	82.16
72.27	82.17
72.27	82.17
72.27	82.18
72.26	82.18
72.26	82.19
72.25	82.2
72.25	82.2
72.24	82.21
72.24	82.21
72.23	82.22
72.23	82.23
72.22	82.24
72.22	82.25
72.21	82.25
72.2	82.26
72.2	82.27
72.19	82.28
72.19	82.29
72.18	82.29
72.17	82.3
72.16	82.31
72.16	82.32
72.15	82.33
72.14	82.34
72.13	82.35
72.13	82.36
72.12	82.38
72.11	82.39
72.1	82.4
72.09	82.41
72.08	82.42
72.08	82.43
72.07	82.45
72.06	82.46
72.05	82.48
72.04	82.49
72.03	82.5
72.02	82.52
72.01	82.53
72	82.54
71.99	82.56
71.98	82.57
71.97	82.59
71.95	82.6
71.94	82.62
71.93	82.64
71.92	82.65
71.91	82.67
71.9	82.68
71.89	82.7
71.88	82.72
71.86	82.74
71.85	82.75
71.83	82.77
71.82	82.79
71.81	82.8
71.8	82.82
71.78	82.84
71.77	82.86
71.75	82.88
71.74	82.91
71.73	82.93
71.71	82.95
71.7	82.97
71.68	83
71.67	83.02
71.65	83.04
71.64	83.07
71.62	83.09
71.6	83.12
71.59	83.14
71.57	83.17
71.56	83.19
71.54	83.22
71.52	83.25
71.51	83.27
71.49	83.3
71.47	83.33
71.45	83.36
71.43	83.38
71.41	83.41
71.39	83.45
71.38	83.47
71.35	83.5
71.33	83.54
71.31	83.57
71.29	83.6
71.27	83.63
71.24	83.66
71.22	83.7
71.2	83.73
71.18	83.76
71.15	83.8
71.13	83.83
71.11	83.87
71.08	83.9
71.06	83.94
71.04	83.98
71.02	84.02
70.99	84.05
70.97	84.09
70.94	84.13
70.92	84.18
70.89	84.22
70.87	84.26
70.84	84.3
70.82	84.34
70.78	84.39
70.76	84.43
70.73	84.48
70.7	84.52
70.68	84.57
70.65	84.62
70.62	84.66
70.59	84.71
70.56	84.76
70.53	84.81
70.51	84.86
70.48	84.91
70.46	84.95
70.43	85.01
70.39	85.06
70.36	85.11
70.33	85.16
70.3	85.22
70.25	85.27
70.22	85.32
70.19	85.38
70.16	85.44
70.13	85.5
70.1	85.55
70.07	85.61
70.03	85.67
70	85.73
69.97	85.78
69.94	85.84
69.9	85.9
69.86	85.95
69.83	86.01
69.79	86.07
69.75	86.14
69.71	86.19
69.67	86.26
69.63	86.32
69.6	86.38
69.56	86.45
69.52	86.51
69.49	86.58
69.45	86.64
69.41	86.71
69.37	86.77
69.33	86.84
69.29	86.9
69.25	86.97
69.21	87.04
69.16	87.11
69.11	87.18
69.07	87.25
69.03	87.33
68.98	87.4
68.94	87.47
68.9	87.54
68.86	87.61
68.81	87.69
68.77	87.76
68.72	87.84
68.68	87.91
68.63	87.99
68.58	88.06
68.53	88.14
68.48	88.22
68.43	88.29
68.39	88.37
68.34	88.45
68.29	88.54
68.25	88.61
68.2	88.7
68.15	88.78
68.1	88.86
68.06	88.94
68.01	89.02
67.96	89.1
67.91	89.19
67.85	89.27
67.8	89.36
67.75	89.45
67.7	89.53
67.65	89.62
67.6	89.71
67.55	89.8
67.5	89.89
67.45	89.98
67.4	90.07
67.35	90.16
67.3	90.24
67.24	90.33
67.19	90.43
67.14	90.52
67.09	90.61
67.03	90.7
66.97	90.79
66.91	90.89
66.86	90.98
66.8	91.07
66.75	91.17
66.69	91.26
66.64	91.36
66.59	91.45
66.54	91.55
66.49	91.65
66.43	91.74
66.38	91.84
66.32	91.94
66.27	92.03
66.21	92.13
66.15	92.23
66.09	92.32
66.03	92.42
65.97	92.52
65.91	92.61
65.85	92.71
65.79	92.81
65.74	92.91
65.68	93.01
65.63	93.1
65.57	93.2
65.52	93.3
65.46	93.4
65.4	93.5
65.35	93.6
65.29	93.7
65.23	93.8
65.17	93.9
65.1	94
65.04	94.1
64.98	94.2
64.92	94.3
64.86	94.4
64.8	94.49
64.75	94.59
64.69	94.68
64.63	94.78
64.57	94.88
64.52	94.99
64.46	95.09
64.4	95.19
64.34	95.29
64.28	95.39
64.22	95.49
64.15	95.58
64.09	95.68
64.03	95.78
63.97	95.88
63.9	95.98
63.84	96.07
63.78	96.18
63.72	96.28
63.66	96.38
63.61	96.48
63.55	96.57
63.49	96.67
63.43	96.76
63.37	96.87
63.3	96.97
63.24	97.07
63.17	97.17
63.11	97.26
63.04	97.36
62.97	97.46
62.9	97.56
62.83	97.66
62.77	97.76
62.72	97.86
62.66	97.96
62.6	98.06
62.54	98.16
62.48	98.26
62.42	98.36
62.35	98.46
62.29	98.56
62.22	98.66
62.15	98.76
62.09	98.86
62.02	98.96
61.95	99.06
61.89	99.16
61.82	99.26
61.76	99.36
61.69	99.46
61.63	99.56
61.56	99.65
61.5	99.75
61.43	99.85
61.36	99.95
61.3	100.05
61.23	100.15
61.16	100.25
61.09	100.35
61.03	100.45
60.96	100.54
60.89	100.64
60.83	100.74
60.76	100.84
60.69	100.94
60.62	101.04
60.55	101.14
60.48	101.23
60.41	101.33
60.35	101.43
60.28	101.53
60.21	101.62
60.14	101.72
60.07	101.82
59.99	101.92
59.92	102.02
59.85	102.11
59.77	102.21
59.7	102.3
59.63	102.41
59.55	102.5
59.48	102.6
59.4	102.7
59.33	102.8
59.26	102.89
59.19	102.99
59.12	103.09
59.05	103.19
58.97	103.29
58.89	103.38
58.83	103.48
58.75	103.57
58.68	103.67
58.6	103.77
58.53	103.87
58.45	103.96
58.37	104.06
58.3	104.16
58.22	104.26
58.15	104.35
58.07	104.45
58	104.55
57.93	104.64
57.85	104.75
57.77	104.84
57.7	104.94
57.63	105.04
57.55	105.13
57.48	105.23
57.4	105.33
57.32	105.43
57.24	105.53
57.17	105.62
57.09	105.72
57.02	105.82
56.94	105.91
56.87	106.01
56.79	106.11
56.71	106.21
56.63	106.3
56.55	106.39
56.48	106.49
56.4	106.58
56.32	106.68
56.25	106.78
56.17	106.88
56.09	106.97
56.02	107.07
55.94	107.17
55.87	107.26
55.79	107.36
55.71	107.45
55.63	107.55
55.56	107.64
55.48	107.73
55.4	107.83
55.33	107.92
55.25	108.02
55.17	108.12
55.09	108.21
55.02	108.3
54.94	108.39
54.86	108.48
54.78	108.56
54.7	108.66
54.62	108.75
54.54	108.85
54.46	108.94
54.39	109.04
54.31	109.13
54.23	109.22
54.15	109.32
54.07	109.4
53.99	109.5
53.91	109.59
53.83	109.68
53.75	109.77
53.67	109.86
53.59	109.95
53.5	110.05
53.42	110.14
53.34	110.23
53.26	110.32
53.18	110.41
53.1	110.49
53.02	110.59
52.94	110.68
52.86	110.78
52.77	110.87
52.69	110.96
52.61	111.06
52.53	111.14
52.44	111.24
52.36	111.33
52.28	111.42
52.2	111.51
52.11	111.6
52.03	111.69
51.95	111.78
51.87	111.87
51.78	111.97
51.69	112.06
51.61	112.16
51.52	112.25
51.45	112.34
51.37	112.43
51.29	112.52
51.2	112.6
51.12	112.69
51.03	112.78
50.95	112.88
50.86	112.98
50.78	113.07
50.69	113.16
50.61	113.25
50.52	113.35
50.44	113.44
50.35	113.52
50.27	113.61
50.19	113.7
50.11	113.79
50.02	113.89
49.94	113.98
49.86	114.07
49.78	114.16
49.69	114.26
49.61	114.35
49.53	114.43
49.44	114.52
49.36	114.61
49.28	114.7
49.19	114.79
49.11	114.88
49.03	114.97
48.94	115.07
48.86	115.16
48.77	115.24
48.69	115.33
48.6	115.42
48.52	115.51
48.43	115.6
48.35	115.69
48.26	115.78
48.18	115.87
48.09	115.96
48	116.05
47.93	116.14
47.84	116.24
47.75	116.32
47.66	116.41
47.58	116.5
47.49	116.59
47.41	116.67
47.32	116.76
47.23	116.85
47.14	116.95
47.05	117.04
46.97	117.13
46.88	117.22
46.8	117.31
46.72	117.4
46.63	117.49
46.55	117.57
46.46	117.67
46.38	117.76
46.3	117.85
46.21	117.94
46.12	118.03
46.04	118.12
45.94	118.21
45.86	118.3
45.77	118.4
45.69	118.49
45.6	118.58
45.52	118.67
45.43	118.76
45.35	118.85
45.26	118.94
45.18	119.03
45.09	119.12
45.01	119.21
44.92	119.3
44.83	119.39
44.74	119.48
44.66	119.57
44.57	119.66
44.48	119.75
44.39	119.85
44.3	119.94
44.22	120.03
44.13	120.13
44.05	120.22
43.96	120.31
43.88	120.4
43.79	120.49
43.71	120.59
43.62	120.67
43.54	120.77
43.45	120.86
43.37	120.95
43.28	121.05
43.19	121.14
43.1	121.23
43.02	121.32
42.93	121.41
42.85	121.5
42.77	121.59
42.68	121.68
42.6	121.78
42.52	121.87
42.43	121.96
42.35	122.06
42.26	122.15
42.17	122.24
42.09	122.33
42	122.41
41.91	122.51
41.83	122.6
41.74	122.7
41.65	122.79
41.56	122.88
41.48	122.98
41.39	123.07
41.3	123.16
41.21	123.25
41.13	123.34
41.04	123.44
40.96	123.53
40.88	123.62
40.79	123.71
40.71	123.81
40.63	123.91
40.54	124.01
40.45	124.1
40.36	124.2
40.27	124.29
40.19	124.38
40.11	124.47
40.02	124.57
39.94	124.67
39.85	124.76
39.76	124.86
39.67	124.96
39.59	125.05
39.5	125.15
39.42	125.24
39.33	125.34
39.24	125.44
39.16	125.53
39.07	125.62
38.98	125.72
38.89	125.81
38.81	125.91
38.72	126
38.63	126.1
38.54	126.2
38.45	126.3
38.36	126.4
38.28	126.49
38.19	126.58
38.1	126.68
38.02	126.78
37.93	126.87
37.84	126.97
37.76	127.07
37.67	127.16
37.59	127.26
37.5	127.35
37.41	127.44
37.32	127.53
37.24	127.63
37.16	127.72
37.07	127.81
36.98	127.91
36.89	128
36.8	128.1
36.71	128.19
36.63	128.28
36.54	128.37
36.45	128.47
36.37	128.56
36.28	128.65
36.2	128.74
36.11	128.84
36.03	128.93
35.94	129.02
35.85	129.11
35.76	129.21
35.68	129.29
35.58	129.39
35.5	129.48
35.41	129.56
35.32	129.66
35.24	129.74
35.15	129.83
35.07	129.92
34.99	130.01
34.91	130.11
34.82	130.2
34.74	130.29
34.66	130.38
34.57	130.47
34.49	130.55
34.41	130.64
34.32	130.73
34.24	130.82
34.15	130.91
34.06	131
33.97	131.09
33.89	131.18
33.8	131.26
33.72	131.35
33.63	131.43
33.55	131.52
33.48	131.61
33.4	131.7
33.31	131.79
33.23	131.87
33.15	131.95
33.06	132.04
32.97	132.13
32.88	132.22
32.79	132.3
32.71	132.39
32.62	132.47
32.54	132.56
32.45	132.64
32.37	132.73
32.29	132.82
32.2	132.9
32.12	132.99
32.04	133.07
31.96	133.16
31.88	133.24
31.8	133.33
31.72	133.41
31.64	133.5
31.56	133.58
31.48	133.66
31.39	133.74
31.31	133.82
31.23	133.91
31.14	133.99
31.06	134.07
30.98	134.15
30.9	134.24
30.82	134.32
30.75	134.4
30.66	134.48
30.59	134.56
30.5	134.63
30.42	134.71
30.34	134.79
30.25	134.87
30.17	134.95
30.09	135.03
30	135.11
29.92	135.19
29.84	135.27
29.76	135.34
29.68	135.42
29.6	135.5
29.52	135.57
29.44	135.65
29.36	135.72
29.28	135.8
29.2	135.87
29.12	135.94
29.04	136.01
28.97	136.09
28.89	136.16
28.82	136.22
28.74	136.29
28.67	136.37
28.59	136.44
28.52	136.52
28.44	136.59
28.36	136.66
28.29	136.73
28.22	136.8
28.14	136.87
28.07	136.94
28	137
27.92	137.07
27.85	137.14
27.78	137.21
27.7	137.27
27.63	137.34
27.56	137.41
27.49	137.47
27.42	137.53
27.35	137.59
27.28	137.66
27.21	137.72
27.14	137.79
27.07	137.85
27.01	137.91
26.94	137.97
26.87	138.03
26.8	138.09
26.73	138.15
26.66	138.2
26.59	138.26
26.53	138.32
26.46	138.38
26.4	138.44
26.33	138.5
26.27	138.55
26.21	138.6
26.14	138.65
26.08	138.7
26.02	138.76
25.96	138.8
25.9	138.85
25.84	138.9
25.77	138.96
25.71	139
25.65	139.05
25.59	139.1
25.53	139.15
25.47	139.2
25.42	139.24
25.37	139.28
25.31	139.32
25.25	139.36
25.19	139.4
25.14	139.44
25.09	139.48
25.04	139.52
24.99	139.56
24.93	139.6
24.88	139.63
24.83	139.67
24.78	139.71
24.72	139.74
24.67	139.78
24.62	139.81
24.57	139.84
24.53	139.87
24.48	139.9
24.44	139.94
24.4	139.97
24.35	140
24.3	140.04
24.26	140.07
24.22	140.1
24.18	140.13
24.13	140.16
24.1	140.19
24.05	140.22
24.01	140.24
23.97	140.27
23.94	140.3
23.9	140.32
23.86	140.35
23.82	140.37
23.79	140.4
23.76	140.43
23.72	140.45
23.69	140.47
23.65	140.5
23.62	140.52
23.59	140.54
23.56	140.56
23.54	140.59
23.51	140.61
23.48	140.63
23.45	140.66
23.42	140.68
23.4	140.7
23.38	140.71
23.35	140.73
23.33	140.75
23.3	140.77
23.28	140.79
23.26	140.8
23.24	140.82
23.22	140.84
23.2	140.85
23.18	140.87
23.16	140.89
23.14	140.9
23.12	140.91
23.11	140.93
23.09	140.94
23.07	140.95
23.06	140.96
23.04	140.97
23.03	140.98
23.02	140.99